100008567
100017
100019
100037258
100038489
100039781
100039864
100039968
100040018
100040220
100040297
100040447
100040608
100041294
100042069
100042165
100042179
100042277
100042498
100043040
100043305
100043468
100043636
100043772
100044509
100048658
100073351
100087
100088
100090
100113398
100125263
100126226
100127111
100163
100169
100177
100182
100198
100201
100206
100210
100213
100216537
100226
100273
100302594
100303645
100317
100336
100340
100383
100434
100494
100502737
100502772
100502841
100502854
100502861
100502915
100502938
100502950
100502987
100503023
100503043
100503083
100503199
100503222
100503380
100503386
100503572
100503583
100503659
100503670
100503724
100503842
100504040
100504230
100504252
100504309
100504404
100504527
100504572
100504603
100504663
100504715
100515
100532
100561
100608
100609
100662
100678
100683
100705
100710
100737
100756
100763
100764
100855
100900
100929
100972
100978
101023
101118
101122
101142
101148
101185
101187
101197
101206
101214
101240
101314
101358
101359
101437
101471
101476
101489
101497
101502
101513
101543
101544
101565
101568
101592
101602
101612
101631
101685
101706
101739
101831
101861
101867
101869
101943
101966
101985
101994
102032
102058
102060
102075
102093
102098
102103
102115
102122
102124
102141
102162
102182
102193
102209
102247
102323
102334
102339
102414
102423
102436
102448
102462
102502
102545
102566
102580
102595
102614
102623
102626
102632
102657
102693
102774
102857
102866
102920
102991
103012
103098
103135
103136
103172
103199
103213
103236
103266
103268
103284
103425
103466
103468
103534
103537
103551
103554
103573
103583
103677
103694
103711
103724
103733
103737
103742
103743
103784
103806
103836
103850
103963
104001
104009
104015
104069
104079
104080
104082
104111
104112
104130
104156
104174
104175
104184
104215
104248
104263
104271
104318
104346
104383
104384
104394
104401
104416
104418
104444
104457
104458
104479
104570
104625
104662
104681
104718
104721
104725
104732
104771
104776
104799
104816
104831
104836
104859
104871
104884
104886
104923
105014
105083
105148
105171
105203
105239
105245
105246
105298
105348
105349
105351
105352
105372
105440
105445
105446
105501
105504
105511
105513
105522
105559
105638
105663
105670
105675
105689
105722
105727
105782
105785
105787
105835
105837
105841
105844
105847
105988
106021
106025
106039
106064
106068
106073
106143
106200
106205
106248
106264
106298
106326
106344
106393
106407
106504
106512
106522
106529
106564
106565
106572
106581
106582
106583
106618
106628
106633
106639
106672
106707
106740
106759
106763
106766
106794
106795
106821
106840
106878
106894
106931
106957
107022
107029
107035
107045
107047
107071
107094
107173
107182
107197
107239
107242
107260
107271
107272
107305
107338
107351
107358
107371
107373
107392
107435
107448
107449
107476
107477
107503
107508
107513
107515
107522
107566
107568
107569
107581
107586
107607
107652
107702
107723
107732
107734
107746
107765
107767
107769
107771
107817
107823
107829
107831
107869
107932
107934
107939
107971
107975
107976
107986
107995
107999
108000
108011
108012
108013
108014
108037
108062
108067
108068
108075
108083
108086
108089
108097
108098
108099
108105
108112
108114
108115
108123
108124
108138
108143
108147
108148
108150
108155
108156
108159
108160
108176
108645
108652
108653
108654
108655
108657
108660
108664
108673
108679
108682
108687
108689
108699
108705
108707
108735
108755
108760
108767
108800
108812
108829
108837
108841
108853
108857
108888
108897
108900
108902
108903
108907
108911
108912
108943
108946
108954
108958
108960
108961
108989
109006
109019
109054
109065
109075
109077
109079
109082
109093
109095
109108
109113
109115
109129
109135
109136
109145
109151
109154
109161
109212
109229
109232
109246
109263
109267
109275
109284
109299
109305
109331
109333
109346
109359
109552
109620
109624
109652
109658
109672
109674
109711
109754
109778
109785
109801
109815
109857
109880
109900
109901
109904
109910
109929
109934
110006
110012
110033
110074
110078
110094
110109
110119
110147
110157
110172
110173
110175
110198
110208
110213
110253
110265
110279
110310
110323
110351
110355
110379
110380
110391
110417
110446
110460
110524
110542
110606
110611
110616
110639
110695
110749
110750
110751
110809
110816
110821
110826
110829
110842
110854
110911
110920
110957
110958
110959
110960
110962
111173
111175
112403
112405
112406
112422
11302
11305
11306
11308
11350
11352
11363
11364
11370
11409
114128
114143
11416
11419
114255
11426
11428
11429
11430
11431
11432
11433
11443
11447
114565
114584
11459
114604
114606
11461
114640
114641
114663
114664
114668
114679
11468
114713
114714
114716
11474
114741
11475
11477
11479
11480
11481
11486
114863
11487
114893
114896
11490
11491
11492
11502
11512
11518
11520
11532
11534
11538
11544
11545
11546
11556
11564
11565
11566
11568
11569
11571
11593
11595
11603
11605
11610
11614
11632
11636
11637
11639
11640
11641
11647
11651
11652
11655
11666
11669
116701
11671
116733
11674
116748
11676
116810
116848
116870
116871
116873
11689
116891
116904
116914
11692
116940
11705
117109
117146
117148
117149
117150
11717
117171
117197
117198
11732
11736
11737
11739
11745
11746
11747
11749
11750
11757
11758
117589
117599
11764
11765
11766
11767
11768
11769
11771
11772
11774
11776
11778
11781
11782
11783
11787
11789
11792
11793
11796
11797
11799
11800
11803
11804
11810
11811
11812
11816
11820
11821
11828
11834
11836
11840
11841
11842
11843
11844
118445
11845
118451
11852
11853
11854
11855
11857
11861
11863
11865
11870
11877
11883
11886
11907
11908
11909
11910
11911
11920
11927
11928
11931
11932
11933
11938
11945
11946
11947
11957
11958
11964
11966
11972
11973
11974
11975
11977
11980
11981
11983
11987
11989
11991
11992
11993
11998
12005
12009
12010
12015
12017
12018
12028
12033
12034
12035
12036
12039
12040
12041
12042
12048
12050
12051
12054
12055
12068
12069
12070
12091
121022
12111
12122
12123
12125
12142
12144
12151
12159
12165
12166
12175
12177
12181
12183
12189
12190
12192
12193
12215
12224
12227
12234
12235
12236
12237
12238
12257
12258
12261
12283
12286
12297
12301
12304
12305
12306
12308
12313
12315
12316
12317
12321
12325
12328
12330
12332
12333
12334
12336
12337
12339
12343
12345
12349
12351
12359
12361
12366
12367
12368
12369
12371
12380
12385
12387
12388
12389
12396
12400
12402
12406
12408
12411
12412
12416
12419
12428
12442
12443
12445
12447
12448
12449
12450
12452
12453
12454
12455
12457
12460
12461
12462
12464
12465
12466
12468
12469
12476
12479
12484
12488
12492
12493
12494
12497
12501
12509
12520
12527
12530
12531
12532
12534
12537
12539
12540
12544
12545
12550
12566
12567
12568
12572
12575
12577
12583
12585
12589
12593
12607
12608
12609
12611
12614
12615
12617
12626
12632
12648
12649
12652
12660
12662
12675
12696
12700
12702
12715
12716
12724
12725
12727
12729
12733
12739
12740
12747
12748
12750
12751
12752
12753
12757
12759
12764
12785
12793
12795
12798
12799
12804
12807
12808
12810
12812
12822
12824
12826
12827
12831
12832
12834
12836
12842
12843
12846
12847
12848
12850
12854
12856
12857
12858
12861
12862
12864
12865
12866
12868
12876
12889
12891
12892
12894
12896
12903
12904
12905
12909
12912
12913
12915
12925
12927
12928
12929
12931
12933
12934
12946
12952
12953
12954
12955
12962
12972
12974
12977
12982
12986
12988
12995
13000
13001
13002
13006
13007
13008
13010
13014
13016
13017
13018
13019
13026
13030
13032
13033
13039
13041
13043
13046
13047
13056
13057
13067
13079
13082
13121
13135
13138
13139
13144
13163
13164
13167
13169
13171
13177
13178
13180
13185
13191
13194
13195
13196
13197
13198
13200
13202
13204
13205
13206
13207
13211
13244
13346
13350
13353
13356
13358
13360
13361
13367
13368
13382
13383
13389
13401
13404
13405
13418
13424
13427
13429
13430
13433
13434
13435
13436
13437
13448
13449
13476
13478
13480
13481
13482
13486
13494
13495
13496
13506
13511
13518
13521
13528
13542
13543
13548
13549
13555
13557
13559
13560
13589
13590
13595
13603
13605
13619
13626
13628
13629
13631
13637
13639
13644
13650
13653
13655
13660
13663
13664
13667
13669
13680
13684
13685
13688
13690
13710
13716
13722
13723
13726
13728
13730
13732
13800
13803
13804
13805
13808
13813
13819
13821
13822
13823
13824
13829
13831
13836
13844
13845
13846
13849
13850
13852
13854
13855
13857
13858
13859
13860
13864
13866
13870
13871
13872
13875
13929
13972
13984
13990
13992
14000
14004
14008
14011
14012
14020
14026
14027
14042
14043
140482
140486
140488
140497
14050
140500
140546
14055
140557
140559
14056
14057
140570
140571
140577
140579
140580
14061
14062
140629
14063
140630
14066
140703
140721
14073
140740
140742
14081
14082
14083
14084
14085
140858
140859
14086
14087
14088
140887
140917
14104
14105
14106
14107
14114
14120
14132
14137
14148
14149
14151
14155
14156
14158
14163
14168
14171
14175
14181
14182
14183
14187
14191
14194
14199
14200
14201
14208
14211
14218
14219
14225
14226
14227
14228
14229
14230
14231
14232
14235
14236
14245
14248
14251
14252
14255
14265
14268
142681
142682
14269
14270
14272
14275
14287
14297
14300
14312
14314
14319
14339
14346
14356
14357
14359
14360
14367
14369
14373
14375
14376
14381
14385
14387
14388
14390
14391
14423
14429
14430
14450
14453
14455
14456
14466
14467
14470
14472
14479
14489
14533
14534
14536
14538
14547
14561
14562
14567
14569
14570
14571
14582
14583
14584
14587
14588
14590
14593
14594
14595
14598
14609
14615
14620
14622
14628
14629
14630
14632
14633
14634
14635
14645
14651
14660
14661
14664
14667
14670
14672
14674
14676
14677
14678
14679
14682
14683
14688
14693
14694
14696
14697
14700
14701
14704
14705
14711
14712
14718
14726
14731
14733
14734
14735
14739
14745
14751
14755
14760
14768
14775
14776
14778
14782
14783
14784
14786
14790
14791
14792
14793
14794
14797
14809
14824
14827
14828
14841
14852
14853
14854
14860
14862
14864
14865
14866
14872
14873
14874
14884
14885
14886
14894
14897
14904
14910
14911
14923
14936
14955
14958
14964
14969
14972
14976
14977
14979
14991
15081
15107
15108
15109
15114
15115
15116
15159
15161
15166
15168
15170
15171
15182
15183
15184
15185
15191
15193
15194
15199
15200
15201
15205
15209
15211
15212
15221
15239
15242
15247
15251
15254
15257
15258
15259
15260
15270
15275
15277
15288
15312
15353
15356
15357
15364
15366
15368
15369
15370
15374
15381
15384
15388
15394
15404
15405
15441
15451
15452
15461
15463
15467
15468
15469
15473
15488
15490
15499
15502
15505
15511
15516
15525
15526
15528
15530
15531
15547
15551
15561
15568
15569
15574
15586
15587
15893
15894
15901
15902
15903
15904
15925
15926
15929
15932
15936
15937
15975
15979
15982
15983
15985
16002
16004
16005
16007
16008
16009
16010
16145
16149
16150
16151
16177
16179
16188
16195
16201
16202
16210
16211
16319
16324
16330
16331
16332
16333
16334
16341
16351
16362
16391
16396
16400
16402
16403
16410
16412
16413
16418
16419
16421
16423
16424
16430
16431
16432
16434
16438
16440
16443
16450
16451
16453
16456
16468
16469
16475
16476
16477
16480
16495
16504
16511
16512
16525
16529
16543
16548
16549
16551
16553
16558
16559
16561
16563
16564
16565
16568
16569
16570
16571
16573
16576
16579
16581
16582
16588
16590
16593
16594
16598
16599
16600
16601
16631
16646
16648
16649
16650
16653
16668
16669
16691
16706
16709
16763
16764
16772
16773
16774
16776
16777
16779
16782
16783
16784
16790
16792
16795
16796
16797
16798
16800
16801
16818
16825
16832
16834
16835
16852
16854
16859
16865
16866
16881
16882
16885
16886
16890
16897
16904
16905
16906
16907
16911
16912
16922
16948
16952
16956
16971
16974
16976
16987
16993
17000
17025
17035
170439
170459
170460
170472
170625
170643
170644
17069
170706
170707
170716
170718
170719
170720
170728
170731
170736
170737
170742
170749
17075
170750
170753
170756
170758
170759
170760
170762
170763
170767
170770
170789
170791
170799
170822
170823
170826
17083
170833
170835
17089
171095
17113
171170
17118
17120
17121
171210
17125
17126
17127
17128
17129
17130
17131
17134
17135
171429
17149
17150
171508
17151
17156
17158
171580
17159
17161
17164
17165
17168
17169
17178
17182
17184
17187
17188
17191
17192
17207
17210
17215
17216
17217
17218
17219
17220
17222
17237
17240
17242
17245
17246
17248
17250
17252
17254
17256
17257
17259
17261
17263
17274
17279
17283
17285
17288
17293
17294
17299
17304
17305
17308
17314
17330
17344
17346
17347
17350
17354
17355
17356
17357
17380
17385
17387
17390
17420
17423
17425
17427
17428
17434
17436
17448
17449
17450
17454
17463
17524
17527
17532
17533
17535
17681
17684
17685
17686
17688
17691
17692
17698
17701
17713
17714
17748
17750
17754
17758
17760
17761
17764
17765
17766
17768
17769
17772
17775
17776
17826
17827
17828
17846
17847
17850
17855
17859
17865
17869
17872
17873
17874
17876
17886
17907
17909
17912
17913
17916
17918
17922
17925
17931
17936
17939
17955
17966
17973
17974
17975
17977
17978
17979
17991
17992
17993
17995
17997
17999
18002
18005
18007
18010
18016
18020
18021
18023
18024
18033
18034
18035
18036
18039
18041
18044
18045
18073
18074
18081
18082
18087
18094
18099
18100
18102
18104
18105
18107
18108
18109
18111
18113
18114
18115
18117
18119
18120
18127
18128
18129
18130
18131
18132
18139
18140
18141
18145
18146
18158
18174
18176
18181
18188
18193
18194
18195
18201
18203
18207
18220
18223
18226
18230
18242
18260
18263
18286
18293
18294
18377
18378
18391
18392
18393
18400
18408
18412
18413
18424
18429
18432
18438
18452
18453
18457
18472
18475
18476
18477
18479
18483
18515
18516
18518
18519
18521
18536
18537
18541
18542
18550
18553
18554
18555
18557
18559
18563
18567
18569
18570
18571
18572
18574
18576
18582
18583
18585
18590
18597
18601
18607
18611
18612
18613
18616
18618
18624
18626
18631
18632
18633
18634
18637
18639
18641
18642
18643
18645
18669
18671
18673
18674
18685
18693
18700
18701
18704
18706
18709
18711
18712
18715
18717
18718
18720
18738
18741
18744
18746
18747
18749
18753
18759
18762
18763
18764
18769
18770
18771
18772
18775
18777
18778
18786
18787
18789
18793
18797
18798
18799
18806
18807
18810
18813
18817
18822
18830
18844
18846
18854
18858
18861
18949
18950
18968
18969
18970
18971
18972
18973
18974
18975
18983
18984
18986
18988
18991
18999
19012
19014
19015
19018
19024
19025
19027
19035
19038
19041
19042
19043
19044
19045
19046
19049
19052
19053
19055
19056
19058
19060
19062
19063
19069
19070
19072
19073
19075
19076
19079
19082
19084
19085
19087
19089
19090
19099
19108
19122
19124
19125
19126
19128
19132
19134
19139
19141
19143
19152
19153
19155
19156
191578
19158
19159
19164
19165
19166
19170
19171
19172
19175
19177
19181
19182
19183
19184
19185
19186
19192
19193
19202
19205
19210
19211
192119
192120
192156
192157
192159
192160
192169
192170
192173
192174
192176
192185
192191
192192
192193
192195
192196
192197
192200
19221
192216
19223
192231
192232
192236
19225
19228
192285
192287
19229
192292
19230
19241
19243
19244
19245
19246
19248
19250
19252
19253
19255
19262
19265
192652
192654
192656
192657
192662
192678
19268
19270
19272
19275
192786
19280
19285
19286
192897
19290
19291
19294
192950
192970
192976
19298
19299
19300
19301
19302
19303
19305
193116
19317
19324
19325
19328
19330
19334
19335
19336
19338
19339
19341
19342
19345
193452
19346
19347
19348
19352
19353
19355
19356
19357
19358
19359
19360
19361
19362
19363
19364
19366
19367
193670
193736
193742
19376
19377
193796
193813
19383
19384
19385
19386
19387
19395
19401
19411
19414
19415
194237
194655
194908
194952
195018
195040
195434
195522
195733
19645
19646
19650
19652
19653
19654
19659
19663
19664
19671
19672
19684
19687
19691
19693
19697
19698
19703
19704
19707
19712
19716
19718
19719
19720
19724
19725
19727
19729
19730
19732
19744
19746
19763
19765
19766
19775
19777
19791
19819
19820
19821
19822
19823
19877
19878
19891
19893
19895
19933
19934
19941
20014
20016
20017
20018
20019
20020
20022
20024
20044
20054
20103
20104
20111
20130
20133
20135
20148
20163
20166
20167
20168
20170
20174
20181
20182
20184
20185
20187
20193
20194
20196
20200
20210
20218
20220
20222
20224
20226
20239
20249
20250
20257
20262
20266
20286
20287
20296
20316
20317
20320
20321
20322
20333
20334
20336
20338
20340
20351
20354
20360
20362
20363
20364
20365
20377
20379
20382
20383
20392
20393
20397
20399
20402
20403
20404
20405
20408
20409
20410
20411
20419
20422
20425
20430
20431
20437
20439
20440
20441
20444
20446
20448
20460
20463
20466
20467
20469
20474
20479
20480
20481
20482
20492
20496
20497
20498
20499
20501
20509
20512
20514
20515
20516
20522
20523
20524
20525
20527
20529
20530
20534
20535
20536
20539
20540
20544
20568
20585
20586
20587
20588
20591
20592
20595
20597
20598
20602
20603
20610
20615
20619
20620
20621
20623
20624
20637
20639
20641
20648
20650
20652
20655
20656
20658
20660
20661
20662
20663
20664
20666
20667
20668
20670
20674
20677
20680
20683
20687
20692
20706
207165
20717
20719
20720
207214
207278
20729
207304
20732
20733
207352
20740
20742
207425
20743
20744
20747
20750
20751
207521
207565
207592
207607
207615
20765
20768
207704
20773
207740
20775
20778
207785
20779
207806
207818
207819
207839
207854
20787
20788
207920
207932
207952
207965
208043
20807
208076
208084
208092
208104
20811
20813
208146
20815
20817
208177
20818
208194
208198
20821
208211
20822
208228
20823
208263
208266
208292
20832
20833
208366
20841
20842
20843
20844
208440
208449
20847
20848
20849
208501
208518
20852
20853
20856
208606
208618
208624
208628
208638
208643
208650
20867
208677
20868
20869
208691
208718
20872
208727
20873
20874
208748
208768
20877
20878
208795
208836
208846
208884
20892
20893
208967
208968
20899
209003
20901
209011
209012
209018
209032
20907
20908
20909
20911
20912
209131
20916
20917
20918
209200
209212
209225
20924
20926
20930
20931
20932
20933
20935
209354
209357
209361
20937
209416
209446
209456
20947
209478
209497
209558
209584
209586
20962
20963
209630
20969
20970
20971
20972
20973
209773
209815
210004
210035
210106
210126
210135
210148
210376
210529
210544
210573
210582
210711
210808
210925
210973
210982
210998
211007
211064
211151
211255
211286
211329
211389
211401
211446
211488
211499
211535
211548
211556
211586
211651
211652
211660
211896
211914
211922
211945
211948
211978
211986
212090
212111
212123
212127
212139
212198
212276
212281
212307
212377
212398
212483
212508
212514
212528
212531
212547
212555
212632
212647
212706
212772
212862
212880
212898
212919
212974
212986
212999
213012
213019
213053
213056
213081
213109
213236
213326
21335
213350
21340
21341
21343
21345
213452
21346
213464
213484
213491
213498
213499
21351
21353
213539
213541
213550
21356
213575
213582
21366
213673
21371
21372
21374
213753
21376
213760
213773
213783
21379
213819
213827
21386
213895
21390
21393
213988
213989
213990
21400
21401
21402
214048
21406
214063
21407
21411
21413
214133
214137
21414
21415
214162
21417
21420
21422
21423
21425
21427
21428
21429
214290
21432
214345
214359
214424
214444
214459
214469
214489
214498
214505
21452
21453
21454
214552
214572
214579
214580
214597
214601
21463
214669
214764
214804
214854
214855
214895
214897
214901
214917
214931
214932
214952
214987
215015
215051
215114
215160
215193
215194
215210
215274
215280
215335
215384
215387
215418
215445
215449
215456
215476
215494
215512
215615
215627
215705
215707
215708
215748
215751
215814
215819
215951
216001
216011
216080
216131
216134
216136
216150
216151
216152
216154
216156
216157
216169
216188
216190
216197
216233
216238
216292
216344
216345
216363
216395
216440
216443
216445
216456
21652
216527
216543
216549
216551
216558
216565
216578
216618
21664
21667
216705
21672
216724
216742
21676
216760
216766
21677
21678
216805
21681
216820
216821
216825
216829
216831
216846
216848
21685
216850
216853
216856
216859
216860
216867
216869
216873
216874
216877
216963
216964
216965
216971
216987
217011
217026
217031
217038
217039
217057
217066
217069
217109
217119
217127
217138
217140
217149
217166
217194
217201
217203
217207
217216
217218
217232
217310
217325
217328
217331
217335
217337
217342
217344
217351
217353
217356
217364
217365
217366
217370
217378
217379
217430
217431
217449
21745
217463
217473
21749
21750
21753
21754
217558
21756
217578
217588
217615
21763
217653
21766
217664
217666
21767
217682
217684
21769
217692
217695
21770
217707
21771
217715
217716
217718
217721
217732
217734
217737
21778
21780
21781
217827
217837
21786
217864
217866
217869
21787
21788
217882
217887
217893
217944
217946
217980
217995
21803
218035
218038
21804
21807
218100
21815
21816
21817
218203
21821
218210
218214
218236
21825
21827
218294
218333
218335
218397
21841
21843
21844
218460
21847
21848
21849
218503
218506
218518
21853
21854
218543
218544
21855
21856
21857
218581
218613
218629
218639
218693
218699
21871
21872
21873
218756
21877
218793
21881
218811
218832
21885
218850
21887
21888
218885
218914
218921
21894
218952
218973
218977
219022
219024
219072
21909
219094
219103
219105
219114
21912
219132
219135
219140
21915
219158
21917
219181
219189
21923
219249
21926
21927
21937
21944
21945
21953
21955
21969
21973
21974
21975
21976
21981
21982
21985
21987
21991
22003
22004
22019
22021
22022
22025
22027
22030
22031
22032
22034
22036
22037
22038
22040
22041
22042
22044
22051
22057
22059
22083
22084
22088
22099
22110
22113
22117
22122
22123
22129
22130
22134
22137
22144
22145
22151
22152
22154
22156
22158
22163
22166
22174
22183
22184
22190
22192
22195
22196
22200
22201
22209
22210
22213
22214
22215
22217
22221
22222
22223
22224
22225
22228
22230
22232
22234
22235
22241
22247
22248
22249
22256
22258
22260
22269
22271
22272
22273
22275
22276
22282
22284
22286
22288
22289
22290
22318
22319
22320
22321
22323
22325
223254
223255
22327
22330
22333
22334
22339
22340
22341
22343
223435
22344
223453
223455
22346
223499
22350
22351
22352
223527
223593
223601
223626
22364
223646
22365
223658
223664
223666
223669
22367
223690
223691
223693
223696
223697
223701
223722
223723
223732
223739
22375
223752
223754
22377
223770
223774
223775
22378
223780
22379
22380
22381
223827
223828
22384
22385
223870
22388
22390
223918
223921
22393
223978
224008
22401
224019
224020
224022
224023
22404
224045
224088
224092
224093
224105
224111
224132
224139
224143
22417
224170
224171
22422
224250
224273
22428
22433
224432
224440
224481
224613
224619
224624
224630
224640
224647
224648
224650
224656
224661
224671
224674
224691
224705
224727
224742
224794
224805
224807
224823
224824
224826
224833
224836
224897
224902
224903
224904
224907
224912
224938
225010
225020
225027
225028
225049
225055
225115
225160
225164
225182
225280
225283
225288
225326
225339
225348
225363
225372
225432
225467
225523
225659
225724
225742
225743
225745
225791
225845
225849
225870
225875
225876
225887
225888
22589
225895
225896
225898
225908
22591
225912
22592
225929
22594
22596
225994
225995
22601
226016
226026
226043
226090
22612
226122
226123
226139
226144
226151
226153
226154
226162
226169
226178
226180
226182
226252
22627
22628
22630
22631
22632
226351
226352
22640
226407
226409
226412
226414
226419
226422
22643
226432
22644
226442
22646
226470
226499
226517
226518
226519
226525
226527
226539
22654
226541
226548
226551
226562
22658
226591
22661
226641
226646
22668
22670
22673
226744
226747
226751
226757
226791
22680
22682
226823
226830
226841
226844
226849
22685
226856
22687
22688
22694
22695
22696
22697
226971
226976
226977
226982
22701
22702
22704
227059
22709
227094
227095
227099
227102
22715
227154
22719
227195
227197
227210
22722
22724
227290
227292
227298
227327
227331
227333
227399
227449
22751
22755
22757
22758
227612
227615
227619
227620
227622
227624
22763
227634
227638
22764
227644
227648
227656
227674
227682
227683
227695
227696
227697
227699
227700
227707
227715
227720
227723
22773
227731
227737
227738
227743
227746
22775
227753
227800
227801
22782
227835
22784
22785
227867
22791
22793
227937
227960
228005
228012
228019
228026
228033
228061
228071
228136
228140
228355
228356
228359
228361
228366
228410
228413
228421
228482
228491
228536
228545
228550
228602
228607
228608
228662
228714
228715
228730
228769
228775
228790
228812
228829
228836
228839
228850
228869
228875
228876
228880
228889
228913
228960
228961
228980
228983
228993
228994
228998
229004
229007
229011
229055
229096
229211
229285
229317
229363
229473
229487
229503
229504
229512
229517
229524
229534
229541
229542
229543
229584
229589
229593
229599
229600
229603
229615
229644
229658
229663
229675
229681
229700
229707
229709
229725
229731
229782
229841
229877
229905
229906
229937
230027
230073
230075
230082
230088
230098
230101
230125
230126
230157
230233
230234
230249
230257
230259
230376
230393
230484
230500
230514
230577
230584
230587
230594
230596
230598
230648
230654
230657
230661
230673
230674
230676
230678
230696
230700
230709
230734
230737
230751
230752
230761
230767
230770
230779
230784
230789
230793
230796
230801
230806
230809
230815
230824
230848
230857
230861
230866
230868
230872
230895
230903
230904
230908
230917
230935
230936
230972
230991
230996
231002
231003
231042
231050
231051
231093
231123
231128
231151
231214
231225
231279
231287
231326
231327
231329
231380
231386
231413
231430
231452
231464
231506
231507
231510
231549
231571
231580
231600
231637
231642
231668
231670
231672
231691
231699
231712
231713
231717
231724
231769
231801
231803
231807
231821
231834
231841
231855
231858
231866
231868
231872
231874
231876
231887
231889
231915
231999
232086
232087
232164
232187
232210
232223
232227
232232
232236
232237
232333
232334
232337
232339
232341
232370
232431
232440
232449
232491
232533
232536
232539
232560
232566
232664
232679
232784
232791
232798
232807
232811
232816
232854
232875
232878
232879
232906
232910
232933
232934
232943
232946
232947
232969
232976
232987
233011
233016
233033
233040
233046
233056
233064
233065
233066
233073
233103
233107
233168
233189
233208
233210
233276
233280
233315
233405
233406
233410
233489
233532
233545
233552
233575
233724
233752
233789
233802
233805
233806
233812
233813
233824
233826
233833
233836
233863
233871
233875
233876
233877
233887
233893
233895
233900
233904
233905
233908
233912
233913
233977
233987
234023
234069
234129
234258
234309
234344
234358
234362
234365
234366
234371
234373
234374
234378
234384
234388
234396
234407
234413
234463
234549
234582
234593
234595
234663
234664
234678
234683
234686
234695
234699
234723
234729
234733
234734
234736
234740
234776
234779
234814
234825
234839
234847
234854
234857
234865
234875
234959
235028
235036
235040
235041
235043
235044
235047
235048
235050
235072
235132
235134
235169
235180
235184
235283
235293
235300
235315
235323
235339
235344
235380
235431
235439
235441
235442
235459
235469
235472
235497
235504
235534
235559
235567
235574
235606
235610
235611
235623
235626
235631
235633
235661
235682
235952
235956
236511
236539
236604
236732
236733
236790
236792
236794
236848
236900
236920
236930
237073
237082
237107
237211
237222
237253
237336
237400
237411
237412
237422
237436
237459
237500
237542
237730
237781
237823
237859
237877
23789
237898
23790
237911
237930
237943
237988
23801
23802
238023
23806
23807
23808
238123
238247
23825
238257
23827
23830
238317
238323
238328
238330
23834
23837
23849
238505
23853
23854
23856
23857
238693
23872
23873
23874
23877
23879
238799
23880
23881
23882
238831
23885
23886
23893
23894
23908
239083
239122
239133
239157
23917
239170
239188
23922
23924
23925
239273
23938
23939
239393
23942
23943
239435
23948
23950
239528
239530
23954
239546
239554
239555
23957
239647
23965
239650
23966
239667
23969
23970
239706
23971
239719
239759
239796
23983
239839
23986
23988
23989
23991
23992
23994
23996
23997
239985
23999
24000
240023
240025
240034
240058
240064
240066
240084
240087
24010
240121
24015
24017
240174
24018
240255
240261
240283
24030
240354
240396
24044
240442
24045
240476
240505
240514
24057
24058
240590
24060
24061
24063
24064
240641
24066
240660
240665
24068
24070
24071
240756
24082
24083
240832
24086
240880
24100
24105
241051
241075
24108
24109
24113
24116
24127
241274
24128
241289
241296
241308
241311
241322
241490
241520
241547
241576
241627
241846
241915
241944
242022
242083
242291
242297
242362
242406
242418
242466
242509
242521
242553
242557
242642
242667
242669
242687
242691
242705
242736
242785
242800
242819
242894
242960
243219
243272
243300
243328
243371
243382
243529
243547
243574
243725
243771
243819
243846
243853
243905
243910
243923
243963
243983
244059
244141
244216
244219
244329
244349
244373
244418
244421
244448
244548
244631
244668
244672
244721
244745
244879
244886
244891
244962
245000
245128
245404
245423
245469
245474
245522
245527
245607
245688
245695
245828
245841
245847
245860
245866
245867
245877
245880
245886
245944
245945
246102
246179
246196
246198
246229
246257
246277
246293
246696
246703
246710
246782
252830
252870
252875
252876
252966
252973
257633
259277
259279
260299
260302
260409
263406
26356
26357
26364
26367
26370
26371
26372
26373
26378
26379
26380
263803
26383
26385
26390
26394
26395
26396
26397
26398
26399
26400
26401
26403
26406
264064
26407
26409
26411
26413
264134
26415
26416
26419
26420
26424
26425
26426
26428
26429
26430
26431
26432
26433
26440
26443
26444
26445
26447
26448
26450
26456
26457
26458
26462
26466
26554
26556
26557
26558
26559
26561
26562
26564
26565
26568
26569
26572
26611
266692
266781
26754
268294
268390
268395
268396
268417
268420
268448
268465
268469
268470
268490
268491
268564
268566
268656
268697
268721
268741
268749
268759
268783
268822
26885
26886
268880
268882
26889
268903
26891
26893
268930
268933
268936
26894
26895
268958
26896
26897
268996
26900
269003
26901
269033
269061
26908
26909
269113
26912
26914
26919
269198
26921
26922
269224
269252
269254
26926
26927
26931
26932
269336
269338
26934
269344
269356
26936
26939
269397
26940
269400
269401
26941
269424
26943
26946
269470
269473
26949
26951
269514
269529
269536
269582
269587
269589
269593
269608
26961
269610
269614
269623
269633
269639
26965
269682
269700
269702
269704
269800
269855
26987
269870
269878
269881
26992
269941
269951
269952
269955
269966
269999
270058
270066
270076
27008
270086
270110
27015
270151
270156
270163
270166
270192
270198
27045
27049
27050
27052
27053
27054
27055
27058
27059
27060
27061
270627
270669
270685
27078
27081
27096
27103
271377
272027
27205
27214
27215
27223
27224
27225
272359
272396
272538
272551
272589
272636
27267
27275
27276
27277
27279
27280
27354
27355
27357
27360
27361
27362
27366
27368
27369
27371
27373
27374
27375
27376
27377
27378
27379
27380
27387
27388
27393
27395
27397
27398
27399
27401
27402
27403
27407
27410
27414
27416
27426
27428
27494
27632
27643
276770
27681
276829
276846
276852
276905
276919
276952
277010
277154
277250
277353
277360
277414
277432
277463
27756
277743
27784
277854
277939
277978
27801
278240
27878
27883
27886
279561
27965
27966
27967
27973
279766
27979
27981
27984
27993
27998
27999
28000
28006
28010
28015
28018
28019
28028
28030
28035
28036
28040
28042
28064
28071
28075
28077
28081
28084
28088
28106
28109
28113
28114
28126
28135
28146
28169
28185
28193
28199
28200
28295
286940
29805
29806
29807
29808
29810
29811
29812
29813
29815
29816
29819
29856
29857
29858
29859
29861
29864
29870
29871
29875
29876
29877
30045
30046
30050
30052
30054
30055
30056
30057
30059
30791
30795
30838
30839
30840
30843
30853
30877
30923
30926
30927
30930
30931
30933
30934
30939
30940
30941
30945
30946
30947
30949
30953
30954
30957
30959
30960
30963
317717
317755
319197
319263
319266
319277
319278
319322
319352
319448
319481
319581
319583
319586
319594
319604
319622
319625
319638
319651
319653
319670
319710
319719
319757
319758
319765
319801
319817
319822
319885
319899
319934
319939
319944
319945
319953
319965
319996
320011
320024
320078
320080
320083
320119
320165
320202
320204
320209
320213
320234
320244
320267
320295
320299
320394
320398
320435
320438
320473
320479
320487
320538
320541
320557
320595
320632
320633
320634
320661
320685
320713
320714
320717
320720
320727
320790
320795
320806
320816
320817
320916
320938
320940
320951
320974
320982
321000
321003
321006
321007
326618
326622
327655
327762
327826
327900
327987
328099
328108
328110
328133
328162
328186
328232
328572
328580
328801
328977
329002
329003
329015
329154
329165
329260
329366
329384
329470
329504
329506
329540
329559
329581
329659
329679
329727
329777
329828
329908
330050
330064
330171
330173
330177
330189
330192
330260
330361
330409
330474
330502
330662
330671
330695
330788
330790
330814
330817
330836
330914
331026
331401
331623
332131
332221
333088
333182
333433
333564
333654
337924
338337
338351
338355
338359
338367
338467
338523
347722
353047
353156
353172
353187
353190
353242
353258
353282
353283
353499
353502
360013
378462
378702
378954
380601
380629
380664
380684
380705
380711
380712
380718
380752
380773
380780
380836
380840
380850
380863
380912
380916
380921
380928
380959
380967
381022
381062
381066
381067
381085
381101
381126
381199
381236
381259
381269
381280
381305
381306
381314
381318
381337
381379
381404
381406
381549
381605
381626
381629
381644
381650
381668
381677
381694
381801
381802
381903
381979
381990
382000
382010
382030
382034
382038
382051
382056
382090
382117
382231
382245
382252
382406
382423
382620
382639
383295
383491
384009
384281
384763
384783
385377
385493
385658
386612
386655
387524
393082
399510
399566
399568
399603
403187
404634
404710
407243
407785
407790
407812
407819
407821
408062
408064
414077
414108
414872
415115
432442
432467
432486
432508
432572
432582
432731
432777
432940
432995
433256
433375
433458
433466
433485
433490
433667
433693
433702
433766
433771
433956
434077
434178
434234
434402
434423
434778
436230
445007
448850
474156
494448
494468
497652
503610
50492
50493
50496
50497
50500
50527
50529
50708
50721
50722
50723
50724
50753
50754
50755
50758
50760
50762
50764
50767
50768
50770
50771
50772
50773
50776
50783
50784
50785
50788
50789
50790
50793
50794
50796
50797
50798
50799
50849
50850
50868
50875
50878
50880
50883
50887
50907
50911
50912
50913
50914
50917
50918
50926
50927
50935
50995
50996
50997
51786
51788
51789
51791
51792
51793
51796
51797
51798
51799
51800
51810
51813
51869
51875
51886
51897
51944
51960
52004
52009
52013
52014
52023
52033
52036
52064
52065
52076
52118
52120
52123
52132
52150
52163
52174
52184
52187
52202
52206
52231
52250
52276
52318
52323
52335
52348
52357
52377
52397
52398
52428
52430
52432
52440
52463
52466
52468
52469
52477
52480
52502
52504
52513
52521
52530
52535
52538
52551
52563
52575
52585
52588
52592
52609
52615
52626
52633
52635
52637
52639
52653
52665
52666
52670
52679
52683
52686
52696
52700
52705
52708
52710
52713
52715
52717
52808
52830
52838
52846
52856
52857
52858
52864
52874
52898
52906
52915
53310
53312
53313
53317
53319
53323
53325
53328
53331
53333
53334
53356
53357
53375
53376
53378
53379
53380
53381
53382
53413
53414
53415
53418
53420
53421
53424
53598
53599
53602
53605
53609
53611
53612
53614
53618
53619
53621
53624
53625
53627
53817
53858
53860
53861
53868
53869
53872
53883
53885
53886
53890
53892
53893
53895
53902
53945
53970
53975
54006
54120
54122
54124
54128
54130
54131
54132
54135
54138
54139
54141
54151
54152
54160
54161
54169
54170
54188
54189
54194
54196
54198
54204
54208
54214
54218
54219
54324
54325
54338
54343
54351
54353
54357
54364
54366
54367
54369
54373
54375
54378
54380
54383
54384
54387
54391
54392
54393
54394
54397
54399
54401
54405
54411
54419
54427
54445
54451
54473
544817
54484
544963
544971
545085
545279
545536
545622
54563
545725
54601
54607
546071
54609
54614
546143
54616
54624
54631
54632
54633
54635
54636
54637
54638
54644
54645
54646
54648
54667
54673
54683
54709
54720
54721
54723
54725
55925
55927
55934
55935
55942
55943
55944
55946
55947
55949
55950
55960
55963
55978
55979
55980
55982
55988
55989
55991
55992
56012
56016
56017
56018
56030
56031
56032
56036
56041
56043
56044
56045
56046
56055
56069
56070
56075
56077
56085
56088
56089
56095
56149
56150
56174
56176
56184
56187
56188
56190
56191
56194
56195
56196
56199
56200
56205
56207
56208
56209
56210
56212
56213
56214
56215
56217
56220
56221
56224
56228
56233
56248
56249
56264
56273
56274
56275
56277
56279
56280
56282
56284
56289
56292
56294
56297
56298
56299
56305
56307
56309
56310
56312
56317
56320
56321
56322
56323
56324
56327
56332
56334
56335
56336
56338
56347
56348
56349
56350
56351
56354
56356
56357
56358
56360
56361
56364
56368
56369
56371
56372
56375
56376
56378
56380
56381
56382
56384
56386
56389
56390
56392
56395
56398
56399
56401
56403
56404
56405
56406
56407
56409
56412
56417
56418
56419
56420
56421
56422
56424
56426
56427
56428
56431
56433
56434
56438
56440
56441
56442
56443
56444
56445
56447
56449
56451
56452
56453
56454
56456
56457
56458
56459
56460
56462
56463
56464
56468
56469
56470
56473
56480
56486
56488
56494
56495
56496
56503
56513
56515
56516
56520
56524
56525
56527
56529
56530
56531
56532
56535
56550
56551
56612
56613
56626
56632
56637
56642
56690
56692
56693
56695
56697
56698
56699
56700
56703
56705
56706
56709
56715
56716
56717
56722
56724
56726
56734
56736
56737
56739
56741
56742
56745
56748
56749
56752
56758
56771
56772
56786
56790
56794
56807
56844
56869
56874
56876
56878
57028
57170
57230
57259
57261
57265
57267
57276
57278
57279
57294
57295
57296
57312
57314
57315
57316
57317
57320
57330
57340
57344
57354
57357
57370
57373
57376
57377
57423
57429
57431
57432
57434
57436
57438
57439
57441
57443
57743
57746
57751
57752
57753
57773
57782
57783
57784
57810
57813
57815
57816
57837
57874
57875
57890
57895
57896
57905
57908
57912
57913
57914
57915
58172
58176
58180
58184
58186
58193
58198
58200
58202
58206
58220
58230
58231
58237
58240
58242
58244
58245
58246
58248
58249
58520
58521
58522
58523
58799
58800
58801
58803
58804
58810
58859
58875
58887
58911
58988
58996
58998
59001
59002
59003
59004
59005
59007
59008
59009
59011
59013
59014
59015
59016
59021
59022
59024
59025
59026
59027
59028
59029
59030
59031
59032
59035
59036
59038
59041
59042
59043
59044
59045
59046
59047
59048
59049
59052
59053
59054
59056
59057
59079
59090
59092
59093
59095
59125
59126
59287
59288
59290
595136
60315
60321
60364
60365
60406
60409
60411
60441
60455
60507
60510
60530
60532
60534
60594
60595
60597
60599
60611
606496
613262
619605
619665
620016
620253
620913
621312
621976
622404
623474
623661
625603
627821
629016
629378
629750
636931
63856
63872
63913
63955
63958
63959
63985
64010
64011
64050
64051
64058
64075
64136
64138
64143
64144
64209
64291
64292
64294
64340
64383
64384
64424
64451
64540
64602
64652
64655
64656
64658
64659
64660
64704
64707
64817
64818
64833
64930
64933
64945
65019
65020
65079
65098
65099
65102
65103
65105
65106
65107
65111
65112
65113
65114
65246
65247
652925
653016
654309
654795
65945
65960
65961
65962
65967
65970
65972
66011
66043
66044
66046
66047
66048
66049
66050
66052
66053
66054
66055
66059
66060
66061
66065
66069
66070
66071
66072
66073
66074
66075
66077
66079
66082
66083
66085
66086
66087
66089
66090
66091
66092
66096
66098
66101
66102
66105
66108
66109
66111
66117
66119
66120
66121
66124
66125
66126
66131
66132
66136
66138
66140
66141
66143
66146
66147
66148
66151
66152
66153
66154
66155
66156
66161
66162
66164
66165
66168
66169
66170
66171
66172
66174
66176
66177
66179
66180
66181
66184
66185
66191
66193
66194
66196
66199
66200
66201
66202
66204
66206
66208
66209
66213
66214
66218
66220
66229
66230
66231
66233
66234
66235
66236
66241
66244
66245
66246
66248
66249
66251
66253
66256
66257
66258
66259
66260
66262
66264
66266
66268
66270
66271
66273
66276
66277
66278
66284
66286
66291
66293
66294
66296
66306
66307
66308
66309
66310
66311
66313
66314
66317
66320
66323
66335
66336
66343
66344
66346
66349
66350
66352
66354
66355
66356
66357
66358
66362
66364
66365
66366
66367
66368
66369
66374
66375
66377
66379
66381
66384
66385
66387
66388
66390
66394
66395
66397
66398
66399
66400
66401
66403
66404
66405
66406
66407
66408
66409
66410
66411
66413
66414
66416
66419
66420
66421
66422
66423
66427
66431
66432
66433
66437
66438
66440
66441
66442
66443
66445
66446
66447
66448
66451
66454
66455
66459
66460
66461
66462
66464
66467
66469
66471
66480
66482
664862
66487
66492
66495
664968
66497
66498
66500
66505
66506
66508
66510
66511
66513
66514
66515
66520
66522
66523
66525
665268
66530
66531
66536
66537
66538
66540
66549
66552
66556
66566
66569
66570
66576
665775
66578
66580
66583
66585
66586
66587
66588
66590
66591
66592
66593
66595
66596
66597
66598
66599
66602
66603
66606
66609
66610
66611
66612
66614
66615
66616
66617
66618
66622
66624
66625
66626
66627
66628
66629
66631
66632
66634
66641
66642
66645
66646
66647
66653
66656
66658
66659
66660
666609
66661
66663
66664
66665
666704
66671
66674
66676
66679
66681
66682
66684
66686
66687
66689
66690
66691
666938
66694
66700
66701
66706
66711
66713
66724
66734
66736
66743
66756
66757
66768
66771
66787
66789
66790
66799
66801
66810
66812
66817
668173
66818
66821
66822
66826
66827
66830
668303
66834
66839
66840
66841
66844
66845
66847
668501
66853
66854
66855
668572
66860
66861
66863
66865
66866
66867
66868
66869
66870
66874
66875
66878
66880
66881
66882
66884
66885
66887
66889
66890
66892
66894
66895
66897
66899
66902
66904
66905
66910
66911
66912
66913
66914
66915
66916
66917
66921
66922
66923
66925
66926
66928
66929
66932
66934
66939
66940
66945
66948
66949
66952
66953
66960
66961
66962
66965
66966
66967
66971
66975
66977
66978
66979
66980
66983
66985
66988
66989
66990
66991
66993
66994
66997
66998
66999
67003
67005
67006
67010
67011
67013
67014
67015
67016
67017
67019
67020
67023
67026
67027
67030
67031
67036
67037
67039
67040
67041
67042
67043
67044
67045
67046
67048
67049
67050
67052
67053
67054
67057
67059
67064
67065
67068
67070
67071
67072
67073
67075
67077
67078
67080
67087
67088
67089
67091
67095
67096
67099
67101
67102
67103
67105
67111
67115
67116
67117
67118
67121
67122
67123
67125
67126
67128
67130
67131
67136
67139
67141
67143
67144
67145
67149
67151
67153
67154
67157
67161
67163
67164
67166
67168
67169
67170
67171
67177
67178
67180
67181
67184
67187
67194
67196
67197
67199
67200
67201
67203
67204
67205
67207
67210
67211
67212
67213
67216
67219
67222
67223
67225
67226
67228
67229
67231
67235
67236
67238
67239
67241
67245
67246
67247
67249
672511
67254
67255
67263
67264
67266
67267
67268
67269
67273
67276
67278
67279
67282
67283
67285
67288
67290
67291
67292
67298
67299
67300
67302
67305
67306
67308
67326
67332
67333
67337
67338
67345
67367
67371
67374
67375
67378
67379
67381
67382
67384
67387
67388
67389
67390
67392
67393
67397
67398
67399
67414
67416
67417
67418
67420
67429
67437
67439
67440
67442
67443
67444
67446
67451
67452
67453
67455
67456
67457
67458
67459
67460
67463
67464
67465
67466
67467
67468
67469
67470
67471
67472
67474
67475
67480
67486
67487
67488
67489
67490
67493
67495
67500
67501
67504
67509
67510
67511
67513
67515
67526
67529
67531
67532
67533
67534
67538
67542
67549
67554
67556
67561
67563
67578
67581
67582
67586
67588
67590
67602
67603
67605
67610
67615
67618
67619
67623
67629
67636
67655
67657
67661
67665
67666
67667
67669
67675
67676
67678
67680
67681
67683
67684
67693
67694
67695
67701
67702
67705
67706
67707
67708
67710
67711
67712
67718
67724
67725
67726
67728
67732
67739
67749
67755
67759
67760
67763
67767
67768
67769
67770
67772
67773
67774
67776
67778
67781
67785
67788
67789
67797
67800
67803
67804
67808
67809
67811
67812
67819
67824
67826
67830
67832
67834
67836
67838
67840
67841
67842
67843
67845
67846
67848
67849
67851
67857
67859
67861
67862
67863
67864
67865
67866
67867
67869
67870
67871
67872
67873
67876
67878
67880
67881
67883
67885
67886
67887
67889
67891
67892
67894
67895
67897
67898
67899
67900
67902
67903
67905
67912
67914
67916
67917
67920
67921
67922
67933
67936
67937
67938
67939
67941
67943
67946
67948
67949
67951
67955
67956
67958
67959
67963
67966
67967
67968
67971
67972
67973
67976
67978
67979
67980
67988
67994
67996
67997
68001
68002
68010
68014
68015
68017
68018
68020
68021
68023
68024
68026
68031
68032
68033
68035
68036
68038
68039
68040
68041
68043
68044
68047
68048
68051
68053
68055
68058
68059
68066
68067
68077
68079
68080
68082
68083
68087
68089
68090
68092
68094
68095
68097
68098
68099
68106
68108
68112
68114
68115
68117
68118
68121
68126
68127
68128
68134
68135
68137
68140
68142
68145
68146
68147
68149
68152
68153
68165
68166
68170
68172
68177
68183
68184
68188
68192
68196
68197
68198
68201
68202
68205
68209
68212
68215
68233
68236
68239
68240
68241
68250
68251
68259
68262
68263
68267
68268
68272
68273
68275
68276
68277
68278
68281
68291
68292
68294
68298
68299
68303
68304
68310
68314
68323
68327
68328
68332
68337
68342
68346
68347
68350
68355
68364
68365
68366
68375
68379
68385
68401
68420
68427
68431
68441
68449
68458
68463
68465
68475
68477
68479
68480
68481
68493
68497
68499
68501
68505
68507
68510
68514
68520
68521
68523
68524
68525
68533
68537
68539
68544
68549
68550
68552
68554
68556
68558
68559
68564
68565
68566
68567
68572
68576
68581
68585
68591
68592
68598
68603
68606
68607
68611
68617
68626
68628
68631
68634
68636
68642
68644
68646
68652
68653
68667
68675
68678
68680
68682
68693
68695
68705
68708
68709
68713
68718
68724
68728
68729
68730
68731
68732
68734
68735
68736
68737
68742
68743
68744
68750
68758
68763
68767
68770
68776
68778
68789
68794
68795
68796
68801
68813
68815
68816
68818
68832
68833
68836
68837
68839
68845
68846
68857
68861
68865
68867
68875
68876
68877
68879
68889
68904
68911
68915
68916
68917
68918
68920
68925
68926
68927
68929
68936
68938
68939
68942
68943
68944
68948
68949
68953
68961
68964
68966
68968
68969
68970
68971
68972
68975
68977
68979
68980
68981
68988
68991
68992
68995
68999
69008
69009
69010
69019
69024
69028
69029
69035
69048
69051
69053
69064
69065
69072
69073
69076
69077
69080
69082
69085
69089
69090
69091
69094
69101
69104
69106
69109
69113
69116
69125
69129
69134
69136
69150
69151
69155
69156
69159
69161
69162
69163
69168
69171
69178
69179
69185
69186
69188
69190
69192
69202
69207
69215
69216
69217
69219
69221
69225
69226
69227
69228
69232
69234
69237
69241
69257
69259
69260
69263
69269
69270
69274
69276
69277
69291
69297
69305
69327
69354
69367
69368
69372
69384
69387
69397
69399
69434
69440
69456
69459
69473
69478
69487
69519
69524
69527
69534
69535
69536
69539
69546
69550
69551
69553
69554
69556
69562
69572
69573
69577
69581
69582
69590
69591
69596
69597
69601
69608
69617
69632
69634
69635
69639
69641
69654
69656
69657
69660
69662
69663
69666
69668
69672
69674
69675
69683
69684
69692
69694
69697
69698
69702
69706
69707
69709
69710
69714
69716
69718
69719
69721
69723
69726
69727
69731
69736
69737
69740
69742
69745
69747
69748
69752
69754
69772
69773
69780
69784
69786
69790
69792
69802
69804
69806
69807
69815
69821
69823
69833
69860
69863
69870
69871
69875
69876
69882
69885
69890
69893
69894
69895
69900
69903
69906
69908
69912
69917
69920
69922
69928
69930
69934
69938
69940
69941
69942
69944
69953
69955
69957
69961
69962
69976
69981
70012
70020
70021
70024
70025
70031
70036
70044
70047
70052
70080
70082
70083
70088
70093
70097
70099
70101
70103
70118
70120
70123
70129
70134
70144
70152
70153
70155
70160
70178
70186
70208
70209
70218
70223
70225
70231
70233
70235
70237
70238
70239
70247
70248
70257
70274
70285
70294
70296
70297
70310
70312
70314
70333
70335
70348
70349
70350
70351
70354
70356
70358
70359
70361
70369
70373
70377
70380
70381
70382
70383
70385
70387
70394
70396
70397
70408
70415
70420
70422
70423
70425
70427
70428
70430
70435
70445
70451
70454
70456
70461
70465
70466
70470
70472
70478
70495
70497
70508
70510
70527
70544
70549
70551
70556
70564
70567
70568
70572
70573
70575
70579
70584
70591
70599
70601
70603
70605
70611
70612
70615
70616
70625
70640
70645
70646
70650
70661
70675
70681
70683
70686
70693
70696
70699
70726
70737
70750
70757
70762
70767
70769
70779
70790
70797
70799
70802
70804
70823
70827
70834
70885
70930
70984
70998
70999
71041
71069
71085
71116
71131
71146
71148
71151
71169
71175
71177
71207
71228
71238
71240
71268
71275
71330
71336
71340
71345
71354
71361
71365
71371
71375
71382
71393
71395
71409
71412
71435
71446
71449
71452
71458
71461
71472
71514
71517
71521
71529
71538
71566
71607
71609
71643
71648
71665
71667
71670
71673
71675
71701
71702
71704
71707
71711
71715
71718
71721
71722
71723
71726
71728
71729
71732
71733
71735
71742
71743
71745
71750
71752
71753
71765
71766
71767
71770
71772
71777
71778
71779
71780
71782
71787
71793
71795
71799
71801
71804
71805
71807
71810
71817
71819
71820
71827
71833
71834
71835
71837
71843
71844
71846
71853
71862
71865
71876
71878
71881
71883
71884
71885
71887
71890
71900
71902
71909
71910
71911
71912
71913
71916
71919
71923
71924
71927
71929
71941
71943
71947
71949
71952
71954
71955
71957
71960
71962
71963
71966
71968
71970
71971
71972
71973
71974
71978
71979
71981
71982
71983
71984
71986
71988
71989
71990
71991
71994
71997
71998
71999
72007
72008
72012
72016
72017
72018
72020
72022
72026
72027
72029
72033
72039
72040
72041
72042
72043
72046
72047
72050
72053
72055
72056
72057
72061
72065
72068
72075
72080
72083
72084
72085
72091
72093
72096
72098
72102
72106
72107
72108
72113
72114
72117
72119
72123
72124
72129
72133
72135
72136
72137
72140
72141
72144
72145
72146
72147
72148
72149
72151
72154
72155
72157
72162
72167
72170
72171
72181
72183
72193
72194
72195
72198
72199
72205
72238
72240
72254
72265
72275
72278
72284
72287
72289
72290
72296
72306
72307
72308
72309
72313
72320
72322
72323
72324
72325
72333
72338
72341
72344
72345
72354
72355
72357
72368
72381
72388
72391
72399
72400
72401
72415
72416
72425
72433
72440
72454
72459
72461
72462
72469
72475
72477
72479
72480
72482
72500
72502
72503
72504
72508
72515
72519
72522
72535
72542
72543
72544
72549
72552
72554
72556
72562
72565
72567
72568
72569
72580
72584
72587
72590
72599
72611
72612
72615
72621
72640
72649
72654
72655
72656
72657
72658
72662
72667
72672
72674
72685
72692
72699
72722
72723
72726
72727
72729
72736
72739
72745
72747
72749
72750
72754
72759
72775
72776
72778
72787
72795
72826
72831
72843
72844
72881
72886
72895
72898
72900
72931
72935
72938
72946
72947
72949
72958
72960
72972
72981
72993
72999
73024
73046
73047
73062
73067
73078
73095
73103
73112
73124
73130
73132
73133
73137
73139
73162
73166
73167
73172
73174
73178
73181
73192
73205
73212
73218
73225
73251
73254
73274
73284
73288
73296
73327
73341
73373
73379
73389
73390
73419
73420
73447
73451
73467
73469
73473
73582
73658
73666
73668
73673
73674
73677
73679
73680
73681
73693
73694
73699
73703
73708
73711
73723
73724
73729
73737
73738
73739
73744
73747
73754
73804
73824
73825
73826
73827
73828
73830
73833
73834
73836
73847
73872
73884
73914
73916
73945
73998
74006
74007
74012
74016
74019
74022
74026
74035
74041
74043
74044
74051
74055
74075
74091
74094
74096
74097
74098
74104
74105
74106
74107
74108
74111
74112
74114
74117
74120
74122
74123
74125
74126
74132
74133
74134
74136
74137
74140
74142
74143
74148
74150
74155
74157
74158
74159
74164
74167
74168
74174
74176
74178
74180
74186
74187
74192
74194
74195
74196
74197
74198
74200
74202
74203
74204
74205
74206
74211
74213
74237
74238
74239
74241
74244
74246
74249
74251
74252
74254
74255
74256
74257
74268
74277
74287
74302
74315
74316
74318
74319
74320
74322
74325
74326
74330
74334
74340
74349
74355
74360
74361
74370
74377
74383
74385
74386
74388
74392
74400
74412
74414
74427
74434
74437
74440
74443
74450
74451
74467
74469
74470
74479
74486
74492
74493
74498
74504
74522
74525
74528
74533
74549
74551
74569
74585
74596
74600
74610
74616
74617
74626
74646
74653
74682
74716
74718
74729
74737
74741
74747
74753
74754
74761
74763
74764
74766
74769
74772
74775
74776
74777
74778
74781
74838
74840
74841
74868
74895
74919
74996
75007
75029
75033
75062
75079
75089
75137
75146
75164
75210
75212
75216
75221
75234
75273
75284
75292
75296
75302
75316
75317
75320
75329
75339
75387
75398
75406
75410
75415
75416
75420
75422
75423
75425
75430
75454
75458
75483
75516
75540
75553
75560
75565
75568
75578
75581
75590
75593
75597
75600
75604
75605
75607
75608
75612
75613
75616
75619
75620
75623
75624
75627
75646
75659
75669
75678
75687
75690
75692
75695
75697
75698
75705
75710
75717
75723
75725
75731
75734
75735
75736
75739
75745
75747
75751
75758
75763
75785
75786
75788
75796
75801
75805
75812
75826
75841
75869
75894
75901
75909
75914
75939
75956
75957
75964
75965
75974
75991
76007
76022
76025
76044
76055
76071
76073
76108
76123
76130
76167
76178
76192
76199
76205
76219
76233
76238
76246
76251
76252
76257
76260
76265
76267
76273
76282
76295
76299
76303
76308
76332
76338
76355
76357
76366
76375
76411
76416
76425
76429
76448
76454
76467
76477
76478
76479
76482
76483
76484
76485
76491
76497
76499
76501
76508
76509
76510
76522
76524
76547
76551
76559
76560
76561
76563
76568
76577
76580
76582
76594
76614
76615
76626
76630
76650
76686
76687
76688
76707
76709
76719
76737
76740
76742
76763
76773
76775
76779
76781
76784
76788
76789
76792
76793
76795
76799
76800
76804
76809
76813
76815
76824
76826
76832
76843
76846
76857
76863
76867
76884
76886
76889
76890
76892
76893
76894
76895
76900
76901
76916
76927
76932
76936
76942
76947
76952
76954
76959
76967
76974
76976
76983
76987
77006
77011
77018
77022
77031
77032
77034
77038
77040
77044
77045
77048
77053
77065
77087
77116
77128
77134
77219
77252
77254
77286
77305
77371
77407
77519
77522
77552
77559
77573
77577
77579
77582
77591
77593
77595
77605
77613
77619
77622
77626
77632
77634
77644
77683
77697
77721
77727
77733
77744
77794
77799
77805
77809
77827
77832
77853
77862
77877
77929
77945
77951
77975
77976
77980
78038
78070
78088
78100
78177
78232
78244
78246
78248
78255
78266
78283
78287
78303
78304
78308
78309
78323
78330
78334
78339
78372
78373
78388
78394
78405
78455
78462
78514
78521
78523
78541
78581
78586
78610
78611
78618
78619
78625
78651
78656
78658
78670
78689
78697
78733
78752
78755
78767
78777
78781
78783
78787
78797
78798
78801
78825
78829
78830
78832
78833
78834
78885
78889
78890
78891
78893
78894
78895
78903
78908
78912
78913
78914
78920
78928
78929
78935
78937
78943
79043
79044
79059
79263
79264
79456
79464
79554
79560
79565
79566
80280
80281
80283
80284
80285
80286
80287
80288
80289
80291
80292
80294
80297
80385
80509
80517
80708
80732
80743
80744
80748
80749
80750
80751
80794
80860
80876
80879
80880
80884
80886
80888
80889
80890
80904
80907
80912
80913
80914
80915
80981
80985
80986
80987
81000
81004
81018
81489
81500
81535
81601
81630
81702
81703
81879
81896
81897
81898
81909
81910
83383
83396
83397
83409
83410
83431
83435
83436
83456
83485
83486
83493
83554
83557
83558
83560
83602
83669
83673
83675
83701
83703
83704
83767
83768
83796
83797
83813
83815
83921
83922
83925
83945
83946
83964
83997
84004
84092
84094
84095
84113
84505
84585
84652
84653
85031
85305
85308
93679
93683
93684
93686
93687
93691
93696
93697
93721
93730
93734
93736
93737
93742
93747
93757
93759
93760
93761
93762
93765
93790
93834
93835
93836
93840
93842
93871
93897
94044
94047
94061
94062
94063
94065
94066
94067
94088
94091
94093
94112
94178
94181
94184
94185
94186
94187
94192
94213
94218
94219
94221
94223
94230
94232
94242
94244
94245
94254
94275
94346
94353
96979
97031
97064
97112
97130
97159
97165
97212
97243
97287
97387
97423
97484
97541
97761
97775
97820
97827
97848
97884
97895
97961
97998
98053
98170
98193
98238
98267
98365
98366
98376
98386
98388
98396
98402
98403
98404
98415
98417
98432
98488
98496
98558
98685
98710
98711
98732
98766
98828
98845
98878
98910
98932
98952
98956
98985
98999
99003
99010
99011
99045
99100
99138
99151
99152
99167
99237
99311
99349
99371
99375
99377
99412
99470
99480
99512
99633
99650
99683
99696
99712
99889
99929
99982
